689161980910000007331200000030
0001150298091000001226891660000598120094396999
0001150298091010916260891690000068098125438389
0001150298091017000199891650000620398171425714
0001150298091010916261891630000044798155472262
0001150298091015038553891640000122698116475081
0001150298091015038554891690000064198101475794
0001151498091010899725891650000051498190457939
0001151498091015038557891620000057898185464246
0001150298091015035936891610000135698199579961
0001151498091010916264891670000157398198467321
0001150298091015035938891600000070598172580697
0001150298091010880527891660000044198120598110
0001150298091015035924891690000189698151601556
0001150298091015035927891620000087298163602990
0001151498091015038558891670000502098141469185
0001150298091010880526891610000071898180604244
0001150298091010916263891620002415298194681776
0001150298091015038537891650000087298163696113
0001150298091015038560891640000147498108717208
0001150298091010916266891660000025998138717820
0001150298091010916269891600000039498180790673
0001150298091015038565891670000038998109794842
0001150298091015038564891620000072598166795486
0001150298091010916268891650000046998153795838
0001150298091010916267891600000051698104799117
0001150298091015038563891680000043198189799639
0001150298091015038561891690000080798111800111
0001151498091015038566891610000087298168527928
0001150298091010916222891630000759798191918331
0001150298091015038519891670000550498153909964
